NAME	= upa_ls
DESCRIPTION	= 
UNIT	= 
DATAFORMAT	= FLOAT
DATAFILE_OFFSET	= 0
BYTEORDER_BIG	= FALSE
TOPTOBOTTOM	= FALSE
POSITION_XMIN	= 397823.3916757331462577
POSITION_YMIN	= 5935914.6064593642950058
CELLCOUNT_X	= 2529
CELLCOUNT_Y	= 1842
CELLSIZE	= 21.5083187296415232
Z_FACTOR	= 1.000000
Z_OFFSET	= 0.000000
NODATA_VALUE	= -99999.000000;-99999.000000
